[METADATA]
ARTIST=Creo
SONG=Flow
DIFFICULTY=1

[NOTES]
-0.5 1.5 1 0
0 2 1 0
0.25 2.25 1 0
0.5 2.5 1 0
1 3 1 0
1.75 3.75 1 0
2 4 1 0
2.5 4.5 1 0
3 5 1 0
3.25 5.25 1 0
3.75 5.75 1 0
4 6 1 0
4.75 6.75 2 0
5.5 7.5 1 0
5.75 7.75 2 0
6.25 8.25 1 0
6.5 8.5 2 0
7 9 1 0
7.75 9.75 2 0
8.5 10.5 1 0
8.75 10.75 2 0
9.25 11.25 1 0
9.75 11.75 2 0
10.5 12.5 1 0
11.25 13.25 2 0
11.75 13.75 2 0
12 14 2 0
12.5 14.5 2 0
12.75 14.75 2 0
13.5 15.5 1 0
14 16 2 0
15 17 1 0
15.75 17.75 2 0
17.5 19.5 1 0
17.75 19.75 1 0
18.25 20.25 1 0
18.75 20.75 1 0
19.5 21.5 1 0
20.25 22.25 2 0
20.5 22.5 1 0
21 23 1 0
21.25 23.25 1 0
22.25 24.25 2 0
23 25 1 0
23.25 25.25 2 0
23.75 25.75 1 0
24 26 2 0
24.5 26.5 1 0
26 28 2 0
26.25 28.25 1 0
26.75 28.75 2 0
27 29 1 0
27.5 29.5 2 0
29 31 1 0
29.5 31.5 2 0
29.75 31.75 1 0
30.25 32.25 2 0
30.5 32.5 1 0
32 34 2 0
32.5 34.5 1 0
32.75 34.75 2 0
33.25 35.25 1 0
33.5 35.5 2 0
35 37 1 0
35.75 37.75 2 0
36.5 38.5 1 0
37.25 39.25 2 0
38 40 1 0
38.25 40.25 2 0
39 41 2 0
39.25 41.25 1 0
40.75 42.75 2 0
41.5 43.5 2 0
41.75 43.75 2 0
42.5 44.5 1 0
43.5 45.5 2 0
44 46 1 0
44.5 46.5 2 0
45 47 3 0
45 47 3 0
45 47 3 0
END=39.9844
